====================================================================================================
Optimizer       | Alpha  | C     | LR     | Avg MSE         | Avg Time (ms)  
----------------------------------------------------------------------------------------------------
Gradient Descent | 1.0    | 0.2   | 0.0010 | 64.6332         | 50.29          
Gradient Descent | 1.0    | 0.2   | 0.0050 | 49.1639         | 50.30          
Gradient Descent | 1.0    | 0.2   | 0.0100 | 42.1679         | 50.60          
Gradient Descent | 1.0    | 0.2   | 0.0500 | 27.1828         | 50.14          
Gradient Descent | 1.0    | 0.5   | 0.0010 | 64.0650         | 49.81          
Gradient Descent | 1.0    | 0.5   | 0.0050 | 49.1944         | 50.66          
Gradient Descent | 1.0    | 0.5   | 0.0100 | 42.2221         | 50.05          
Gradient Descent | 1.0    | 0.5   | 0.0500 | 27.2217         | 50.50          
Gradient Descent | 1.0    | 0.8   | 0.0010 | 64.4500         | 50.12          
Gradient Descent | 1.0    | 0.8   | 0.0050 | 49.3864         | 50.49          
Gradient Descent | 1.0    | 0.8   | 0.0100 | 42.3837         | 50.16          
Gradient Descent | 1.0    | 0.8   | 0.0500 | 27.2946         | 49.82          
Gradient Descent | 10.0   | 0.2   | 0.0010 | 28.7571         | 51.01          
Gradient Descent | 10.0   | 0.2   | 0.0050 | 18.0861         | 51.14          
Gradient Descent | 10.0   | 0.2   | 0.0100 | 15.3562         | 50.21          
Gradient Descent | 10.0   | 0.2   | 0.0500 | 11.0526         | 50.94          
Gradient Descent | 10.0   | 0.5   | 0.0010 | 24.2734         | 49.89          
Gradient Descent | 10.0   | 0.5   | 0.0050 | 16.8972         | 49.98          
Gradient Descent | 10.0   | 0.5   | 0.0100 | 14.0759         | 50.23          
Gradient Descent | 10.0   | 0.5   | 0.0500 | 8.7673          | 50.24          
Gradient Descent | 10.0   | 0.8   | 0.0010 | 36.6528         | 50.76          
Gradient Descent | 10.0   | 0.8   | 0.0050 | 21.5854         | 50.69          
Gradient Descent | 10.0   | 0.8   | 0.0100 | 19.1208         | 50.43          
Gradient Descent | 10.0   | 0.8   | 0.0500 | 16.6123         | 50.85          
Gradient Descent | 25.0   | 0.2   | 0.0010 | 55.6909         | 50.03          
Gradient Descent | 25.0   | 0.2   | 0.0050 | 43.2121         | 50.46          
Gradient Descent | 25.0   | 0.2   | 0.0100 | 39.2941         | 50.42          
Gradient Descent | 25.0   | 0.2   | 0.0500 | 32.9682         | 50.75          
Gradient Descent | 25.0   | 0.5   | 0.0010 | 37.9204         | 50.05          
Gradient Descent | 25.0   | 0.5   | 0.0050 | 28.8652         | 50.92          
Gradient Descent | 25.0   | 0.5   | 0.0100 | 25.1260         | 50.58          
Gradient Descent | 25.0   | 0.5   | 0.0500 | 21.5846         | 50.68          
Gradient Descent | 25.0   | 0.8   | 0.0010 | 64.1252         | 50.46          
Gradient Descent | 25.0   | 0.8   | 0.0050 | 53.8215         | 51.27          
Gradient Descent | 25.0   | 0.8   | 0.0100 | 50.3191         | 50.27          
Gradient Descent | 25.0   | 0.8   | 0.0500 | 43.8310         | 50.33          
Gradient Descent | 50.0   | 0.2   | 0.0010 | 82.0011         | 50.42          
Gradient Descent | 50.0   | 0.2   | 0.0050 | 75.0133         | 50.95          
Gradient Descent | 50.0   | 0.2   | 0.0100 | 71.4600         | 50.21          
Gradient Descent | 50.0   | 0.2   | 0.0500 | 63.6331         | 51.09          
Gradient Descent | 50.0   | 0.5   | 0.0010 | 56.9098         | 50.37          
Gradient Descent | 50.0   | 0.5   | 0.0050 | 49.3003         | 51.79          
Gradient Descent | 50.0   | 0.5   | 0.0100 | 46.7632         | 50.23          
Gradient Descent | 50.0   | 0.5   | 0.0500 | 46.0372         | 50.91          
Gradient Descent | 50.0   | 0.8   | 0.0010 | 84.7688         | 50.03          
Gradient Descent | 50.0   | 0.8   | 0.0050 | 79.4410         | 50.87          
Gradient Descent | 50.0   | 0.8   | 0.0100 | 77.0732         | 50.78          
Gradient Descent | 50.0   | 0.8   | 0.0500 | 71.5378         | 51.15          
HyperGD         | 1.0    | 0.2   | 0.0010 | 66.2708         | 167.89         
HyperGD         | 1.0    | 0.2   | 0.0050 | 66.2708         | 167.34         
HyperGD         | 1.0    | 0.2   | 0.0100 | 66.2708         | 168.06         
HyperGD         | 1.0    | 0.2   | 0.0500 | 66.2708         | 166.94         
HyperGD         | 1.0    | 0.5   | 0.0010 | 64.9907         | 164.34         
HyperGD         | 1.0    | 0.5   | 0.0050 | 64.9907         | 167.81         
HyperGD         | 1.0    | 0.5   | 0.0100 | 64.9907         | 167.32         
HyperGD         | 1.0    | 0.5   | 0.0500 | 64.9907         | 167.56         
HyperGD         | 1.0    | 0.8   | 0.0010 | 65.6520         | 166.94         
HyperGD         | 1.0    | 0.8   | 0.0050 | 65.6520         | 168.12         
HyperGD         | 1.0    | 0.8   | 0.0100 | 65.6520         | 167.19         
HyperGD         | 1.0    | 0.8   | 0.0500 | 65.6520         | 169.91         
HyperGD         | 10.0   | 0.2   | 0.0010 | 46.8589         | 170.06         
HyperGD         | 10.0   | 0.2   | 0.0050 | 47.1638         | 165.78         
HyperGD         | 10.0   | 0.2   | 0.0100 | 47.2243         | 166.96         
HyperGD         | 10.0   | 0.2   | 0.0500 | 48.3424         | 166.12         
HyperGD         | 10.0   | 0.5   | 0.0010 | 36.3519         | 164.97         
HyperGD         | 10.0   | 0.5   | 0.0050 | 36.7616         | 169.94         
HyperGD         | 10.0   | 0.5   | 0.0100 | 36.6007         | 167.16         
HyperGD         | 10.0   | 0.5   | 0.0500 | 36.4811         | 171.29         
HyperGD         | 10.0   | 0.8   | 0.0010 | 55.2606         | 168.96         
HyperGD         | 10.0   | 0.8   | 0.0050 | 55.3842         | 166.84         
HyperGD         | 10.0   | 0.8   | 0.0100 | 55.4220         | 166.61         
HyperGD         | 10.0   | 0.8   | 0.0500 | 56.0596         | 168.89         
HyperGD         | 25.0   | 0.2   | 0.0010 | 49.8895         | 168.84         
HyperGD         | 25.0   | 0.2   | 0.0050 | 52.1906         | 167.67         
HyperGD         | 25.0   | 0.2   | 0.0100 | 54.9739         | 169.65         
HyperGD         | 25.0   | 0.2   | 0.0500 | 61.0816         | 168.16         
HyperGD         | 25.0   | 0.5   | 0.0010 | 30.8064         | 168.20         
HyperGD         | 25.0   | 0.5   | 0.0050 | 31.9658         | 168.30         
HyperGD         | 25.0   | 0.5   | 0.0100 | 35.6244         | 171.19         
HyperGD         | 25.0   | 0.5   | 0.0500 | 46.7048         | 169.25         
HyperGD         | 25.0   | 0.8   | 0.0010 | 59.0261         | 170.23         
HyperGD         | 25.0   | 0.8   | 0.0050 | 59.6258         | 168.60         
HyperGD         | 25.0   | 0.8   | 0.0100 | 61.7165         | 167.35         
HyperGD         | 25.0   | 0.8   | 0.0500 | 67.8935         | 168.13         
HyperGD         | 50.0   | 0.2   | 0.0010 | 64.7339         | 169.36         
HyperGD         | 50.0   | 0.2   | 0.0050 | 69.2308         | 168.51         
HyperGD         | 50.0   | 0.2   | 0.0100 | 69.0821         | 169.62         
HyperGD         | 50.0   | 0.2   | 0.0500 | 69.0491         | 167.77         
HyperGD         | 50.0   | 0.5   | 0.0010 | 49.9351         | 171.40         
HyperGD         | 50.0   | 0.5   | 0.0050 | 58.7616         | 172.50         
HyperGD         | 50.0   | 0.5   | 0.0100 | 60.7515         | 170.78         
HyperGD         | 50.0   | 0.5   | 0.0500 | 62.3897         | 166.90         
HyperGD         | 50.0   | 0.8   | 0.0010 | 77.3655         | 165.46         
HyperGD         | 50.0   | 0.8   | 0.0050 | 79.4624         | 167.32         
HyperGD         | 50.0   | 0.8   | 0.0100 | 80.2984         | 169.69         
HyperGD         | 50.0   | 0.8   | 0.0500 | 79.5603         | 168.71         
L-BFGS          | 1.0    | 0.2   | 0.0010 | 66.2708         | 0.41           
L-BFGS          | 1.0    | 0.2   | 0.0050 | 66.2708         | 0.42           
L-BFGS          | 1.0    | 0.2   | 0.0100 | 66.2708         | 0.42           
L-BFGS          | 1.0    | 0.2   | 0.0500 | 66.2708         | 0.42           
L-BFGS          | 1.0    | 0.5   | 0.0010 | 64.9907         | 0.34           
L-BFGS          | 1.0    | 0.5   | 0.0050 | 64.9907         | 0.35           
L-BFGS          | 1.0    | 0.5   | 0.0100 | 64.9907         | 0.34           
L-BFGS          | 1.0    | 0.5   | 0.0500 | 64.9907         | 0.34           
L-BFGS          | 1.0    | 0.8   | 0.0010 | 65.6520         | 0.41           
L-BFGS          | 1.0    | 0.8   | 0.0050 | 65.6520         | 0.41           
L-BFGS          | 1.0    | 0.8   | 0.0100 | 65.6520         | 0.42           
L-BFGS          | 1.0    | 0.8   | 0.0500 | 65.6520         | 0.42           
L-BFGS          | 10.0   | 0.2   | 0.0010 | 42.1968         | 1.08           
L-BFGS          | 10.0   | 0.2   | 0.0050 | 42.1968         | 1.08           
L-BFGS          | 10.0   | 0.2   | 0.0100 | 42.1968         | 1.07           
L-BFGS          | 10.0   | 0.2   | 0.0500 | 42.1968         | 1.09           
L-BFGS          | 10.0   | 0.5   | 0.0010 | 35.0485         | 1.02           
L-BFGS          | 10.0   | 0.5   | 0.0050 | 35.0485         | 1.03           
L-BFGS          | 10.0   | 0.5   | 0.0100 | 35.0485         | 1.06           
L-BFGS          | 10.0   | 0.5   | 0.0500 | 35.0485         | 1.01           
L-BFGS          | 10.0   | 0.8   | 0.0010 | 48.5921         | 1.19           
L-BFGS          | 10.0   | 0.8   | 0.0050 | 48.5921         | 1.17           
L-BFGS          | 10.0   | 0.8   | 0.0100 | 48.5921         | 1.15           
L-BFGS          | 10.0   | 0.8   | 0.0500 | 48.5921         | 1.14           
L-BFGS          | 25.0   | 0.2   | 0.0010 | 44.1313         | 1.61           
L-BFGS          | 25.0   | 0.2   | 0.0050 | 44.1313         | 1.60           
L-BFGS          | 25.0   | 0.2   | 0.0100 | 44.1313         | 1.57           
L-BFGS          | 25.0   | 0.2   | 0.0500 | 44.1313         | 1.71           
L-BFGS          | 25.0   | 0.5   | 0.0010 | 29.9343         | 1.95           
L-BFGS          | 25.0   | 0.5   | 0.0050 | 29.9343         | 1.93           
L-BFGS          | 25.0   | 0.5   | 0.0100 | 29.9343         | 1.89           
L-BFGS          | 25.0   | 0.5   | 0.0500 | 29.9343         | 1.91           
L-BFGS          | 25.0   | 0.8   | 0.0010 | 53.0457         | 1.62           
L-BFGS          | 25.0   | 0.8   | 0.0050 | 53.0457         | 1.62           
L-BFGS          | 25.0   | 0.8   | 0.0100 | 53.0457         | 1.59           
L-BFGS          | 25.0   | 0.8   | 0.0500 | 53.0457         | 1.54           
L-BFGS          | 50.0   | 0.2   | 0.0010 | 56.0939         | 1.78           
L-BFGS          | 50.0   | 0.2   | 0.0050 | 56.0939         | 1.77           
L-BFGS          | 50.0   | 0.2   | 0.0100 | 56.0939         | 1.78           
L-BFGS          | 50.0   | 0.2   | 0.0500 | 56.0939         | 1.75           
L-BFGS          | 50.0   | 0.5   | 0.0010 | 47.1801         | 1.56           
L-BFGS          | 50.0   | 0.5   | 0.0050 | 47.1801         | 1.57           
L-BFGS          | 50.0   | 0.5   | 0.0100 | 47.1801         | 1.53           
L-BFGS          | 50.0   | 0.5   | 0.0500 | 47.1801         | 1.57           
L-BFGS          | 50.0   | 0.8   | 0.0010 | 69.9606         | 1.52           
L-BFGS          | 50.0   | 0.8   | 0.0050 | 69.9606         | 1.55           
L-BFGS          | 50.0   | 0.8   | 0.0100 | 69.9606         | 1.49           
L-BFGS          | 50.0   | 0.8   | 0.0500 | 69.9606         | 1.43           
Nesterov        | 1.0    | 0.2   | 0.0010 | 66.2725         | 163.24         
Nesterov        | 1.0    | 0.2   | 0.0050 | 66.2708         | 160.04         
Nesterov        | 1.0    | 0.2   | 0.0100 | 66.2708         | 160.59         
Nesterov        | 1.0    | 0.2   | 0.0500 | 66.2708         | 160.02         
Nesterov        | 1.0    | 0.5   | 0.0010 | 64.9910         | 162.99         
Nesterov        | 1.0    | 0.5   | 0.0050 | 64.9907         | 163.67         
Nesterov        | 1.0    | 0.5   | 0.0100 | 64.9907         | 164.20         
Nesterov        | 1.0    | 0.5   | 0.0500 | 64.9907         | 163.24         
Nesterov        | 1.0    | 0.8   | 0.0010 | 65.6534         | 163.94         
Nesterov        | 1.0    | 0.8   | 0.0050 | 65.6520         | 162.95         
Nesterov        | 1.0    | 0.8   | 0.0100 | 65.6520         | 161.81         
Nesterov        | 1.0    | 0.8   | 0.0500 | 65.6520         | 161.78         
Nesterov        | 10.0   | 0.2   | 0.0010 | 42.2316         | 162.86         
Nesterov        | 10.0   | 0.2   | 0.0050 | 42.1529         | 161.85         
Nesterov        | 10.0   | 0.2   | 0.0100 | 42.1809         | 162.35         
Nesterov        | 10.0   | 0.2   | 0.0500 | 42.1784         | 164.93         
Nesterov        | 10.0   | 0.5   | 0.0010 | 34.9636         | 161.06         
Nesterov        | 10.0   | 0.5   | 0.0050 | 34.9520         | 162.76         
Nesterov        | 10.0   | 0.5   | 0.0100 | 34.9486         | 163.49         
Nesterov        | 10.0   | 0.5   | 0.0500 | 34.9514         | 160.42         
Nesterov        | 10.0   | 0.8   | 0.0010 | 48.6788         | 161.57         
Nesterov        | 10.0   | 0.8   | 0.0050 | 48.5894         | 162.24         
Nesterov        | 10.0   | 0.8   | 0.0100 | 48.5949         | 160.24         
Nesterov        | 10.0   | 0.8   | 0.0500 | 48.6034         | 159.23         
Nesterov        | 25.0   | 0.2   | 0.0010 | 47.6041         | 162.26         
Nesterov        | 25.0   | 0.2   | 0.0050 | 44.8411         | 161.02         
Nesterov        | 25.0   | 0.2   | 0.0100 | 43.8153         | 164.05         
Nesterov        | 25.0   | 0.2   | 0.0500 | 41.6083         | 159.19         
Nesterov        | 25.0   | 0.5   | 0.0010 | 32.9358         | 162.28         
Nesterov        | 25.0   | 0.5   | 0.0050 | 32.0778         | 163.80         
Nesterov        | 25.0   | 0.5   | 0.0100 | 31.5934         | 162.40         
Nesterov        | 25.0   | 0.5   | 0.0500 | 28.2006         | 163.81         
Nesterov        | 25.0   | 0.8   | 0.0010 | 56.7809         | 164.26         
Nesterov        | 25.0   | 0.8   | 0.0050 | 53.3117         | 162.56         
Nesterov        | 25.0   | 0.8   | 0.0100 | 52.1137         | 163.96         
Nesterov        | 25.0   | 0.8   | 0.0500 | 49.9489         | 163.64         
Nesterov        | 50.0   | 0.2   | 0.0010 | 68.1848         | 163.41         
Nesterov        | 50.0   | 0.2   | 0.0050 | 60.4742         | 162.91         
Nesterov        | 50.0   | 0.2   | 0.0100 | 59.6844         | 162.85         
Nesterov        | 50.0   | 0.2   | 0.0500 | 59.7967         | 166.44         
Nesterov        | 50.0   | 0.5   | 0.0010 | 48.1318         | 163.41         
Nesterov        | 50.0   | 0.5   | 0.0050 | 47.4446         | 165.09         
Nesterov        | 50.0   | 0.5   | 0.0100 | 47.7962         | 164.64         
Nesterov        | 50.0   | 0.5   | 0.0500 | 55.5175         | 165.05         
Nesterov        | 50.0   | 0.8   | 0.0010 | 76.1137         | 163.94         
Nesterov        | 50.0   | 0.8   | 0.0050 | 71.1561         | 164.26         
Nesterov        | 50.0   | 0.8   | 0.0100 | 70.0913         | 163.91         
Nesterov        | 50.0   | 0.8   | 0.0500 | 69.0990         | 167.12         
Projected GD    | 1.0    | 0.2   | 0.0010 | 67.7319         | 104.81         
Projected GD    | 1.0    | 0.2   | 0.0050 | 66.2944         | 104.21         
Projected GD    | 1.0    | 0.2   | 0.0100 | 66.2725         | 106.23         
Projected GD    | 1.0    | 0.2   | 0.0500 | 66.2708         | 104.30         
Projected GD    | 1.0    | 0.5   | 0.0010 | 66.6294         | 102.80         
Projected GD    | 1.0    | 0.5   | 0.0050 | 65.0104         | 103.45         
Projected GD    | 1.0    | 0.5   | 0.0100 | 64.9910         | 104.24         
Projected GD    | 1.0    | 0.5   | 0.0500 | 64.9907         | 103.22         
Projected GD    | 1.0    | 0.8   | 0.0010 | 67.2040         | 103.07         
Projected GD    | 1.0    | 0.8   | 0.0050 | 65.6717         | 103.59         
Projected GD    | 1.0    | 0.8   | 0.0100 | 65.6534         | 104.01         
Projected GD    | 1.0    | 0.8   | 0.0500 | 65.6520         | 105.04         
Projected GD    | 10.0   | 0.2   | 0.0010 | 44.0814         | 104.37         
Projected GD    | 10.0   | 0.2   | 0.0050 | 42.4316         | 104.05         
Projected GD    | 10.0   | 0.2   | 0.0100 | 42.2119         | 105.19         
Projected GD    | 10.0   | 0.2   | 0.0500 | 42.1201         | 103.53         
Projected GD    | 10.0   | 0.5   | 0.0010 | 35.3403         | 102.00         
Projected GD    | 10.0   | 0.5   | 0.0050 | 34.9713         | 104.02         
Projected GD    | 10.0   | 0.5   | 0.0100 | 34.9639         | 103.63         
Projected GD    | 10.0   | 0.5   | 0.0500 | 34.9563         | 104.02         
Projected GD    | 10.0   | 0.8   | 0.0010 | 50.7610         | 104.14         
Projected GD    | 10.0   | 0.8   | 0.0050 | 48.9348         | 103.40         
Projected GD    | 10.0   | 0.8   | 0.0100 | 48.6861         | 103.47         
Projected GD    | 10.0   | 0.8   | 0.0500 | 48.6037         | 103.30         
Projected GD    | 25.0   | 0.2   | 0.0010 | 55.7547         | 104.20         
Projected GD    | 25.0   | 0.2   | 0.0050 | 49.2566         | 102.51         
Projected GD    | 25.0   | 0.2   | 0.0100 | 47.4221         | 103.80         
Projected GD    | 25.0   | 0.2   | 0.0500 | 44.2774         | 104.17         
Projected GD    | 25.0   | 0.5   | 0.0010 | 38.2686         | 103.75         
Projected GD    | 25.0   | 0.5   | 0.0050 | 33.7000         | 103.52         
Projected GD    | 25.0   | 0.5   | 0.0100 | 32.4051         | 103.81         
Projected GD    | 25.0   | 0.5   | 0.0500 | 30.3988         | 103.84         
Projected GD    | 25.0   | 0.8   | 0.0010 | 65.0939         | 104.35         
Projected GD    | 25.0   | 0.8   | 0.0050 | 58.5348         | 106.37         
Projected GD    | 25.0   | 0.8   | 0.0100 | 56.6474         | 106.32         
Projected GD    | 25.0   | 0.8   | 0.0500 | 52.9207         | 104.48         
Projected GD    | 50.0   | 0.2   | 0.0010 | 81.2664         | 104.84         
Projected GD    | 50.0   | 0.2   | 0.0050 | 72.6953         | 105.43         
Projected GD    | 50.0   | 0.2   | 0.0100 | 68.4950         | 104.29         
Projected GD    | 50.0   | 0.2   | 0.0500 | 60.3653         | 104.95         
Projected GD    | 50.0   | 0.5   | 0.0010 | 56.8669         | 106.51         
Projected GD    | 50.0   | 0.5   | 0.0050 | 49.1618         | 105.96         
Projected GD    | 50.0   | 0.5   | 0.0100 | 46.6476         | 104.67         
Projected GD    | 50.0   | 0.5   | 0.0500 | 45.3556         | 106.79         
Projected GD    | 50.0   | 0.8   | 0.0010 | 84.2995         | 104.91         
Projected GD    | 50.0   | 0.8   | 0.0050 | 78.6239         | 105.20         
Projected GD    | 50.0   | 0.8   | 0.0100 | 76.1867         | 105.08         
Projected GD    | 50.0   | 0.8   | 0.0500 | 70.9252         | 103.77         
Stochastic GD   | 1.0    | 0.2   | 0.0010 | 68.0268         | 191.44         
Stochastic GD   | 1.0    | 0.2   | 0.0050 | 66.3046         | 190.72         
Stochastic GD   | 1.0    | 0.2   | 0.0100 | 66.2739         | 194.18         
Stochastic GD   | 1.0    | 0.2   | 0.0500 | 66.2724         | 190.42         
Stochastic GD   | 1.0    | 0.5   | 0.0010 | 66.9533         | 193.72         
Stochastic GD   | 1.0    | 0.5   | 0.0050 | 65.0277         | 194.35         
Stochastic GD   | 1.0    | 0.5   | 0.0100 | 64.9916         | 195.12         
Stochastic GD   | 1.0    | 0.5   | 0.0500 | 64.9926         | 194.83         
Stochastic GD   | 1.0    | 0.8   | 0.0010 | 67.5105         | 195.37         
Stochastic GD   | 1.0    | 0.8   | 0.0050 | 65.6812         | 190.69         
Stochastic GD   | 1.0    | 0.8   | 0.0100 | 65.6545         | 192.08         
Stochastic GD   | 1.0    | 0.8   | 0.0500 | 65.6537         | 193.91         
Stochastic GD   | 10.0   | 0.2   | 0.0010 | 44.3813         | 189.98         
Stochastic GD   | 10.0   | 0.2   | 0.0050 | 42.4862         | 193.68         
Stochastic GD   | 10.0   | 0.2   | 0.0100 | 42.2856         | 194.39         
Stochastic GD   | 10.0   | 0.2   | 0.0500 | 42.2073         | 193.13         
Stochastic GD   | 10.0   | 0.5   | 0.0010 | 35.4258         | 192.33         
Stochastic GD   | 10.0   | 0.5   | 0.0050 | 34.9727         | 190.99         
Stochastic GD   | 10.0   | 0.5   | 0.0100 | 34.9670         | 192.05         
Stochastic GD   | 10.0   | 0.5   | 0.0500 | 35.0131         | 190.65         
Stochastic GD   | 10.0   | 0.8   | 0.0010 | 51.1447         | 192.53         
Stochastic GD   | 10.0   | 0.8   | 0.0050 | 48.9590         | 189.07         
Stochastic GD   | 10.0   | 0.8   | 0.0100 | 48.6886         | 193.01         
Stochastic GD   | 10.0   | 0.8   | 0.0500 | 48.6203         | 189.97         
Stochastic GD   | 25.0   | 0.2   | 0.0010 | 56.5033         | 192.24         
Stochastic GD   | 25.0   | 0.2   | 0.0050 | 49.5194         | 191.82         
Stochastic GD   | 25.0   | 0.2   | 0.0100 | 47.6264         | 193.56         
Stochastic GD   | 25.0   | 0.2   | 0.0500 | 44.4367         | 191.96         
Stochastic GD   | 25.0   | 0.5   | 0.0010 | 38.6244         | 194.69         
Stochastic GD   | 25.0   | 0.5   | 0.0050 | 33.9225         | 192.47         
Stochastic GD   | 25.0   | 0.5   | 0.0100 | 32.5732         | 194.36         
Stochastic GD   | 25.0   | 0.5   | 0.0500 | 30.5498         | 194.42         
Stochastic GD   | 25.0   | 0.8   | 0.0010 | 65.6467         | 194.96         
Stochastic GD   | 25.0   | 0.8   | 0.0050 | 58.8444         | 191.90         
Stochastic GD   | 25.0   | 0.8   | 0.0100 | 56.9400         | 194.63         
Stochastic GD   | 25.0   | 0.8   | 0.0500 | 53.1749         | 196.57         
Stochastic GD   | 50.0   | 0.2   | 0.0010 | 81.7943         | 193.34         
Stochastic GD   | 50.0   | 0.2   | 0.0050 | 73.3423         | 191.85         
Stochastic GD   | 50.0   | 0.2   | 0.0100 | 69.0662         | 195.44         
Stochastic GD   | 50.0   | 0.2   | 0.0500 | 60.7655         | 195.54         
Stochastic GD   | 50.0   | 0.5   | 0.0010 | 57.4704         | 194.62         
Stochastic GD   | 50.0   | 0.5   | 0.0050 | 49.7067         | 194.10         
Stochastic GD   | 50.0   | 0.5   | 0.0100 | 47.0980         | 195.51         
Stochastic GD   | 50.0   | 0.5   | 0.0500 | 45.6451         | 192.94         
Stochastic GD   | 50.0   | 0.8   | 0.0010 | 84.6437         | 193.80         
Stochastic GD   | 50.0   | 0.8   | 0.0050 | 79.0319         | 192.29         
Stochastic GD   | 50.0   | 0.8   | 0.0100 | 76.5759         | 196.18         
Stochastic GD   | 50.0   | 0.8   | 0.0500 | 71.2102         | 195.10         
